cmd: ./CSC
events: Ir
fl=./csu/../csu/libc-start.c
fn=__libc_start_main@@GLIBC_2.34
128 3
134 2
135 7
138 1
139 1
142 3
143 3
144 9
145 5
242 11
311 2
312 3
337 5
340 1
343 3
350 2
352 1
360 4
fl=./csu/../sysdeps/nptl/libc_start_call_main.h
fn=(below main)
29 11
44 2
46 1
48 1
51 3
52 1
55 3
58 7
fl=./csu/./csu/init-first.c
fn=_init_first
46 5
51 3
55 8
61 3
62 1
63 3
71 3
72 2
fl=./ctype/./ctype/ctype-info.c
fn=__ctype_init
29 2
31 9
33 5
35 5
36 2
fl=./elf/../include/list.h
fn=__tls_init_tp
43 4
44 3
45 1
46 1
47 1
fl=./elf/../include/rtld-malloc.h
fn=__minimal_calloc
56 32
fn=_dl_allocate_tls_storage
56 4
fn=_dl_check_map_versions
44 21
fn=_dl_find_object_init
56 5
fn=_dl_important_hwcaps
56 8
fn=_dl_init_paths
56 10
fn=_dl_map_object_deps
56 15
fn=_dl_new_object
44 15
56 10
fn=allocate_dtv
44 5
fn=fillin_rpath.isra.0
50 4
51 1
56 5
fn=init_tls
44 5
fl=./elf/../include/scratch_buffer.h
fn=_dl_map_object_deps
77 3
78 2
85 4
131 8
fl=./elf/../misc/sbrk.c
fn=sbrk
37 5
40 2
58 1
62 2
78 5
fl=./elf/../nptl/nptl-stack.h
fn=__libc_early_init
61 4
fl=./elf/../sysdeps/aarch64/dl-bti.c
fn=_dl_bti_check
81 3
94 1
fl=./elf/../sysdeps/aarch64/dl-irel.h
fn=_dl_relocate_object
37 17
38 27
39 6
40 11
fl=./elf/../sysdeps/aarch64/dl-machine.h
fn=_dl_relocate_object
67 20
72 3
73 2
77 1
87 1
103 19
175 132
177 264
179 132
188 1014
191 110
193 744
196 963
208 351
211 13
254 24
273 13
275 52
276 13
277 52
282 6
283 6
285 2
303 4512
313 4
314 4
316 8
318 8
341 8
342 12
fn=_dl_start
48 2
177 8
179 4
188 33
192 20
196 12
200 12
303 92
fn=_dl_sysdep_start
128 6
fl=./elf/../sysdeps/aarch64/dl-prop.h
fn=dl_main
30 4
fl=./elf/../sysdeps/aarch64/dl-start.S
fn=(below main)
22 1
25 1
26 1
28 1
30 1
32 1
37 1
39 1
41 1
42 1
43 1
44 1
45 1
46 1
48 1
49 1
51 1
52 1
fl=./elf/../sysdeps/generic/_itoa.h
fn=_dl_check_map_versions
76 14
fl=./elf/../sysdeps/generic/dl-cache.h
fn=_dl_load_cache_lookup
194 1
195 4
fn=search_cache
125 1
fl=./elf/../sysdeps/generic/dl-call_tls_init_tp.h
fn=dl_main
34 2
fn=init_tls
31 1
33 1
fl=./elf/../sysdeps/generic/dl-debug.h
fn=dl_main
29 3
30 1
fl=./elf/../sysdeps/generic/dl-hash.h
fn=__rtld_malloc_init_real
43 2
44 2
45 11
48 10
62 10
67 1
72 1
fl=./elf/../sysdeps/generic/dl-new-hash.h
fn=_dl_lookup_symbol_x
69 115
70 115
74 1633
77 874
80 1620
81 810
87 51
89 51
90 51
101 230
102 759
104 759
fl=./elf/../sysdeps/generic/dl-protected.h
fn=do_lookup_x
29 321
fl=./elf/../sysdeps/generic/dl-tunables-parse.h
fn=_dl_sysdep_start
31 20
fl=./elf/../sysdeps/generic/ldsodefs.h
fn=_dl_check_map_versions
79 32
fn=_dl_map_object
79 2
fn=_dl_map_object_deps
79 2
fn=_dl_map_object_from_fd
79 3
fn=_dl_new_object
1322 1
1324 32
fn=_dl_relocate_object
79 141
140 354
fn=_dl_setup_hash
79 4
fn=_dl_start
79 9
fn=check_match
79 3
fn=dl_main
79 3
fn=do_lookup_x
79 379
139 214
140 107
fl=./elf/../sysdeps/nptl/dl-mutex.c
fn=__rtld_mutex_init
30 4
37 2
40 10
44 1
45 13
47 9
51 1
52 11
53 4
fl=./elf/../sysdeps/nptl/dl-tls_init_tp.c
fn=__tls_init_tp
68 3
69 1
72 2
75 5
76 2
77 2
82 3
87 1
89 1
90 2
93 4
105 5
121 4
128 3
129 3
fn=__tls_pre_init_tp
53 2
56 4
57 5
58 4
61 4
62 2
64 2
fn=rtld_mutex_dummy
42 16
44 24
fl=./elf/../sysdeps/nptl/pthread_early_init.h
fn=__libc_early_init
33 5
34 3
38 3
45 3
46 2
48 2
52 5
53 3
54 1
56 1
fl=./elf/../sysdeps/posix/dl-fileid.h
fn=_dl_map_object_from_fd
37 12
41 4
49 18
fl=./elf/../sysdeps/unix/sysv/linux/aarch64/cpu-features.c
fn=_dl_sysdep_start
58 34
59 8
71 6
74 1
79 3
81 4
87 2
91 1
93 1
97 4
101 1
104 5
105 4
108 6
110 2
112 1
116 1
117 1
120 1
127 4
130 3
fl=./elf/../sysdeps/unix/sysv/linux/brk.c
fn=brk
36 3
37 2
38 2
44 1
45 2
fl=./elf/../sysdeps/unix/sysv/linux/brk_call.h
fn=brk
24 2
fl=./elf/../sysdeps/unix/sysv/linux/dl-osinfo.h
fn=dl_main
39 1
fl=./elf/../sysdeps/unix/sysv/linux/dl-parse_auxv.h
fn=_dl_sysdep_parse_arguments
32 3
33 2
39 2
41 47
42 44
43 44
45 2
46 4
47 1
48 2
49 2
50 1
51 2
52 2
53 2
54 1
55 2
56 2
fl=./elf/../sysdeps/unix/sysv/linux/dl-sysdep.c
fn=_dl_sysdep_parse_arguments
78 5
79 3
80 2
81 5
83 81
86 4
90 6
93 2
94 2
95 2
96 4
fn=_dl_sysdep_start
102 7
103 3
106 2
110 3
113 1
115 2
122 2
123 2
125 6
137 2
140 6
143 7
fn=_dl_sysdep_start_cleanup
147 2
148 2
fl=./elf/../sysdeps/unix/sysv/linux/dl-vdso-setup.h
fn=dl_main
30 5
33 2
45 3
fl=./elf/../sysdeps/unix/sysv/linux/dl-vdso.h
fn=dl_main
40 2
41 1
55 2
fl=./elf/../sysdeps/unix/sysv/linux/rseq-internal.h
fn=__tls_init_tp
32 1
34 7
37 2
40 2
fl=./elf/./dl-find_object.h
fn=_dl_find_object_from_map
94 10
95 10
96 15
97 10
103 20
104 91
105 111
107 25
120 10
fl=./elf/./dl-hwcaps.h
fn=_dl_important_hwcaps
43 5
45 4
46 1
77 6
78 5
79 3
fn=copy_hwcaps
45 2
77 2
78 2
79 2
fl=./elf/./dl-load.h
fn=_dl_map_object_from_fd
91 8
92 4
93 5
94 3
96 4
fl=./elf/./dl-main.h
fn=dl_main
109 5
fl=./elf/./dl-map-segments.h
fn=_dl_map_object_from_fd
28 6
36 10
37 22
41 4
44 10
45 16
49 14
55 4
56 26
58 12
59 4
60 4
61 10
81 2
101 10
102 2
105 2
106 4
108 2
115 20
118 16
125 6
135 20
137 6
139 32
149 12
155 4
156 2
157 10
158 2
160 4
165 4
168 4
176 20
182 4
186 10
189 5
194 4
fl=./elf/./dl-sym-post.h
fn=lookup_malloc_symbol
41 8
53 12
fl=./elf/./dl-tunable-types.h
fn=do_tunable_update_val
81 2
fl=./elf/./elf/dl-audit.c
fn=_dl_audit_activity_map
29 5
30 3
31 2
37 4
fn=_dl_audit_activity_nsid
41 2
45 5
46 1
47 4
51 2
fn=_dl_audit_objopen
77 8
78 8
93 6
fn=_dl_audit_preinit
118 4
119 4
129 3
fl=./elf/./elf/dl-cache.c
fn=_dl_cache_libcmp
357 16
358 84
360 164
362 125
368 1
369 2
370 5
372 5
374 2
380 80
382 80
383 7
386 33
387 33
390 2
391 16
fn=_dl_load_cache_lookup
403 6
405 3
408 4
411 6
419 5
420 19
423 6
424 1
431 1
432 2
482 4
485 7
500 2
504 1
512 3
513 12
514 3
515 1
516 5
fn=_dl_unload_cache
525 3
526 6
528 2
529 1
533 1
535 3
fn=search_cache
203 14
208 7
210 8
211 4
213 2
220 14
222 25
223 22
227 14
231 21
232 14
240 4
242 2
245 2
247 5
249 1
259 2
269 3
270 3
277 3
295 5
298 3
309 3
330 1
346 6
347 4
349 2
353 9
fl=./elf/./elf/dl-call-libc-early-init.c
fn=_dl_call_libc_early_init
27 5
29 1
33 9
37 1
39 7
40 3
41 2
fl=./elf/./elf/dl-catch.c
fn=_dl_catch_error
254 9
256 2
257 1
258 2
259 4
261 4
fn=_dl_catch_exception
58 12
59 12
69 12
70 24
204 20
207 4
214 4
228 4
229 8
235 16
237 8
239 12
248 12
fn=_dl_receive_error
58 3
59 1
69 2
70 2
186 6
188 3
192 2
194 1
197 2
198 4
fl=./elf/./elf/dl-debug.c
fn=_dl_debug_initialize
56 3
57 1
59 1
61 1
63 2
64 2
85 4
90 1
91 3
92 1
95 2
96 9
99 1
107 2
fn=_dl_debug_state
116 4
117 4
fn=_dl_debug_update
38 9
40 3
41 6
44 6
48 6
fl=./elf/./elf/dl-deps.c
fn=_dl_map_object_deps
128 2
130 7
136 7
143 11
144 15
160 7
161 1
164 2
182 3
183 2
184 2
186 1
188 11
190 4
193 12
197 8
198 22
201 2
205 4
208 16
210 6
215 2
216 2
217 4
218 4
219 4
221 108
222 104
228 25
230 3
232 18
233 6
242 3
244 9
249 6
253 2
254 2
255 4
256 2
257 6
259 8
263 3
264 2
266 240
417 4
419 4
422 4
423 2
429 2
430 8
431 10
433 2
434 2
435 6
439 12
441 12
442 10
448 6
449 4
452 3
463 3
465 1
470 4
471 1
472 1
474 10
478 12
484 8
485 8
490 12
495 2
532 2
533 1
536 1
547 5
552 7
553 7
557 1
558 1
559 1
560 3
561 1
568 2
571 1
574 9
fn=openaux
61 15
64 25
65 3
66 1
69 9
fl=./elf/./elf/dl-environ.c
fn=_dl_next_ld_env_entry
28 9
29 3
32 81
34 117
35 27
37 2
40 4
49 6
fl=./elf/./elf/dl-find_object.c
fn=_dl_find_object_init
561 4
564 2
566 2
573 4
579 2
580 3
582 1
585 1
590 1
591 1
594 2
596 2
599 5
601 1
604 4
fn=_dlfo_process_initial
474 4
475 4
477 2
478 6
481 8
485 2
486 6
487 58
488 54
490 8
493 12
495 8
497 8
499 4
504 22
505 12
506 8
508 34
511 24
513 12
515 9
517 12
521 4
529 4
531 6
fn=_dlfo_sort_mappings
536 2
537 2
540 16
544 8
545 46
546 20
548 30
553 12
554 8
555 4
557 2
fl=./elf/./elf/dl-hwcaps-subdirs.c
fn=_dl_hwcaps_subdirs_active
27 2
29 3
fl=./elf/./elf/dl-hwcaps.c
fn=_dl_important_hwcaps
52 6
100 5
102 1
105 1
108 1
112 3
125 3
133 2
142 6
172 10
174 2
175 3
185 1
186 3
189 3
193 2
194 1
202 4
203 4
204 6
208 1
209 1
213 2
216 6
fn=copy_hwcaps
74 12
77 6
80 4
84 2
90 8
fl=./elf/./elf/dl-hwcaps_split.c
fn=_dl_hwcaps_split
25 24
26 12
27 6
30 9
34 9
36 3
47 18
fn=_dl_hwcaps_split_masked
51 20
54 20
62 20
fl=./elf/./elf/dl-init.c
fn=_dl_init
81 10
83 1
86 4
88 1
89 2
94 3
119 1
120 15
121 24
127 6
fn=call_init
27 20
29 15
35 40
37 5
43 12
46 12
47 2
51 9
59 6
60 7
63 3
64 3
70 9
72 12
73 32
74 25
76 23
fl=./elf/./elf/dl-load.c
fn=_dl_dst_count
238 15
241 10
244 5
245 5
264 20
fn=_dl_init_paths
706 9
720 9
725 1
727 1
734 4
735 4
739 2
741 3
747 1
748 4
756 4
758 2
759 4
761 3
762 8
763 7
766 15
767 5
768 18
770 18
776 3
777 1
782 2
785 4
787 4
789 2
806 2
808 2
822 2
825 4
827 18
831 2
832 31
833 28
834 28
836 3
837 2
838 1
844 7
847 3
853 3
857 8
fn=_dl_map_object
1967 32
1969 2
1975 8
1976 28
1979 46
1984 45
1986 36
1990 14
1991 14
1994 8
1995 6
1996 8
2009 2
2010 8
2011 4
2019 6
2034 2
2036 8
2040 4
2042 2
2049 3
2053 1
2054 11
2058 2
2059 8
2061 6
2073 8
2074 5
2075 10
2084 1
2099 6
2100 17
2106 3
2107 9
2115 1
2129 1
2131 3
2135 3
2137 1
2141 1
2149 2
2172 10
2176 3
2177 1
2194 3
2200 1
2201 4
2202 1
2203 1
2207 10
2210 3
2222 6
2267 6
2268 24
2270 36
fn=_dl_map_object_from_fd
944 34
959 6
989 22
990 10
1008 2
1036 6
1046 6
1053 14
1054 2
1065 4
1066 4
1067 4
1069 4
1070 10
1071 4
1086 2
1088 4
1090 30
1091 2
1092 2
1093 2
1094 2
1100 61
1101 143
1107 4
1114 5
1115 6
1116 14
1121 2
1122 1
1127 22
1135 8
1136 10
1137 12
1138 4
1139 20
1141 28
1143 16
1156 10
1157 4
1162 12
1163 24
1176 2
1180 1
1181 2
1185 5
1186 2
1189 1
1194 4
1209 2
1210 2
1213 4
1214 4
1218 6
1228 14
1229 8
1235 6
1245 6
1252 12
1268 8
1269 6
1276 8
1278 8
1288 4
1307 6
1309 10
1361 4
1362 3
1368 46
1369 57
1380 6
1393 6
1395 8
1397 4
1413 4
1417 2
1418 4
1435 4
1436 2
1439 6
1444 4
1449 6
1461 14
1462 4
1463 9
1464 2
1465 6
1471 4
1472 4
1477 2
1484 6
1487 2
1491 6
1492 4
1510 4
1514 14
1515 8
1519 18
fn=cache_rpath
681 6
682 9
683 6
699 6
fn=expand_dynamic_string_token
385 12
395 4
398 2
399 4
410 6
fn=fillin_rpath.isra.0
468 11
472 1
474 10
481 2
483 5
487 1
492 2
493 1
500 6
505 4
509 13
510 12
528 3
532 7
534 1
538 1
539 3
540 4
541 1
543 4
549 5
550 7
551 1
553 2
554 2
555 1
561 2
562 1
565 3
571 1
574 7
fn=open_path
1536 2
1812 11
1813 2
1817 5
1819 1
1822 2
1824 23
1827 3
1831 1
1835 2
1842 6
1843 9
1846 3
1851 13
1854 1
1860 2
1863 8
1865 2
1867 2
1872 1
1873 8
1879 2
1881 4
1882 7
1884 1
1893 3
1894 3
1937 9
1941 3
1943 4
1946 4
1960 9
fn=open_verify.constprop.0
1572 33
1604 9
1609 2
1623 12
1625 6
1633 6
1634 4
1639 12
1641 4
1643 6
1645 4
1651 4
1668 38
1749 6
1754 6
1760 10
1766 6
1772 4
1773 8
1799 24
fl=./elf/./elf/dl-lookup-direct.c
fn=_dl_lookup_direct
74 33
75 3
76 3
78 15
79 3
81 6
84 20
86 5
87 28
90 3
93 4
115 3
116 18
fn=check_match
31 30
32 9
33 6
36 12
40 6
48 9
51 9
53 12
57 6
58 24
59 9
64 18
fl=./elf/./elf/dl-lookup.c
fn=_dl_lookup_symbol_x
772 1725
774 230
775 115
776 575
778 805
782 225
785 115
787 230
791 254
792 1380
797 230
799 40
816 115
817 24
820 230
821 626
828 107
856 428
870 214
871 3
873 214
890 214
892 1035
fn=check_match
70 1284
73 642
86 535
89 444
93 107
94 107
96 105
115 105
116 945
117 420
144 2
146 8
147 6
161 107
162 535
fn=do_lookup_x
176 963
347 2070
348 115
354 115
358 758
361 758
365 494
386 758
390 1448
396 758
400 379
401 379
404 1516
405 1137
408 379
409 379
411 379
412 115
413 758
415 115
416 758
419 1516
422 330
423 110
424 110
426 1320
429 908
431 214
432 1290
433 214
436 107
439 240
448 24
470 9
476 214
483 824
487 24
499 107
500 107
501 107
518 816
521 8
522 920
fl=./elf/./elf/dl-minimal-malloc.c
fn=__minimal_calloc
80 24
84 8
87 8
88 32
92 8
fn=__minimal_free
97 3
99 5
106 3
fn=__minimal_malloc
36 96
37 95
42 4
43 4
44 2
48 95
49 24
51 144
56 10
57 6
59 4
60 16
62 4
64 8
65 10
67 6
70 48
71 2
73 72
fl=./elf/./elf/dl-minimal.c
fn=__rtld_malloc_init_real
76 5
86 3
87 1
89 1
91 7
92 6
93 7
94 5
99 3
101 1
102 1
103 4
fn=__rtld_malloc_init_stubs
42 2
43 5
44 2
45 3
46 3
47 2
fn=lookup_malloc_symbol
61 20
63 4
64 36
68 20
69 44
71 4
72 20
fn=strsep
239 2
242 4
244 2
245 2
247 2
249 31
251 28
254 84
256 56
267 1
270 1
271 1
fl=./elf/./elf/dl-misc.c
fn=_dl_name_match_p
68 100
69 60
70 5
72 20
74 41
75 104
80 42
82 15
83 60
fn=_dl_sysdep_read_whole_file
36 6
39 2
40 1
42 4
44 2
47 1
49 8
60 2
63 5
fl=./elf/./elf/dl-object.c
fn=_dl_add_to_namespace_list
31 18
33 15
35 26
38 15
40 2
42 2
45 2
46 21
47 6
48 6
50 15
51 9
fn=_dl_new_object
59 39
62 9
64 1
66 1
67 2
71 4
77 4
80 4
83 10
87 2
92 4
95 3
98 3
99 3
100 6
102 6
103 3
104 15
106 9
119 8
123 2
125 1
127 9
130 12
131 9
132 3
136 3
139 72
141 16
149 6
150 6
153 1
155 18
157 8
160 5
164 6
168 12
176 1
179 6
189 6
191 8
195 4
200 2
245 8
250 42
251 126
255 4
256 2
259 2
263 24
fl=./elf/./elf/dl-reloc.c
fn=_dl_protect_relro
355 16
356 28
359 12
363 8
364 16
370 12
fn=_dl_relocate_object
170 396
171 236
174 882
175 49
177 35
178 21
183 131
184 111
186 771
187 315
188 210
190 793
193 222
194 111
196 7
207 50
208 10
220 6
221 12
224 8
226 8
228 12
229 8
251 4
252 8
253 4
255 8
262 8
301 209
304 28
328 12
331 4
348 8
349 8
350 40
fl=./elf/./elf/dl-setup_hash.c
fn=_dl_setup_hash
28 8
31 8
32 8
34 4
36 12
37 4
38 12
40 4
41 8
43 4
44 4
45 12
50 4
fl=./elf/./elf/dl-sort-maps.c
fn=_dl_sort_maps
140 25
181 1
182 1
183 12
184 16
211 13
216 2
218 1
219 5
221 7
223 4
226 12
244 2
263 5
276 4
283 1
298 12
306 3
310 9
fn=_dl_sort_maps_init
289 2
290 5
291 2
292 2
293 2
fn=dfs_traversal.part.0
135 28
140 11
143 12
145 8
147 19
156 4
171 12
172 4
173 16
fl=./elf/./elf/dl-tls.c
fn=_dl_add_to_slotinfo
1017 7
1023 1
1026 3
1027 1
1031 3
1065 1
1068 3
1069 5
1072 5
fn=_dl_allocate_tls_init
523 6
524 1
528 1
530 1
531 1
534 9
537 6
549 2
554 15
560 4
563 1
564 1
570 4
571 2
573 6
576 2
577 2
580 2
581 4
586 1
593 1
601 5
603 10
609 1
615 5
618 5
621 4
fn=_dl_allocate_tls_storage
417 4
430 3
431 2
432 1
452 5
459 4
464 2
466 3
467 1
470 5
fn=_dl_assign_tls_modid
128 3
141 3
181 3
183 3
186 2
fn=_dl_count_modids
192 2
194 5
195 1
210 2
fn=_dl_determine_tlsoffset
216 2
217 2
218 1
219 1
222 4
225 2
307 1
309 7
311 3
313 3
314 2
316 2
318 5
325 1
332 4
333 1
334 3
336 1
337 1
340 3
343 1
346 2
347 6
354 1
355 2
fn=_dl_tls_static_surplus_init
83 4
97 4
100 6
101 5
102 3
104 3
107 1
109 2
111 4
112 3
fn=allocate_dtv
360 4
365 3
369 1
371 1
374 3
380 1
386 3
fl=./elf/./elf/dl-tunables.c
fn=__GI___tunable_set_val
153 2
154 3
156 2
157 1
fn=__GI___tunables_init
42 121
45 39
48 3009
52 39
56 158
261 4
267 3
281 4992
283 3
287 7839
304 3
fn=__tunable_get_val
387 48
390 215
399 32
409 18
416 192
418 48
fn=do_tunable_update_val
69 2
72 4
79 1
93 2
94 3
100 2
104 3
111 2
112 2
115 1
117 1
118 2
119 2
fl=./elf/./elf/dl-tunables.h
fn=__GI___tunables_init
160 1024
161 1275
fn=do_tunable_update_val
141 2
fl=./elf/./elf/dl-version.c
fn=_dl_check_all_versions
392 3
394 5
396 11
397 8
398 28
401 4
fn=_dl_check_map_versions
36 32
37 8
38 47
56 15
64 15
70 10
86 5
87 5
89 10
94 81
108 81
110 5
113 25
120 44
124 22
147 10
155 16
156 4
164 4
170 8
172 12
174 4
175 4
177 4
180 6
184 6
198 1
200 9
208 3
213 15
215 2
217 15
218 57
221 10
224 25
231 20
234 16
239 2
243 6
248 1
257 13
260 8
263 108
266 54
270 25
274 3
279 3
280 3
281 6
291 3
294 14
296 3
299 8
301 1
303 9
306 10
308 10
310 17
311 10
312 15
313 15
316 10
321 2
324 6
329 1
334 3
337 6
341 25
343 54
347 25
348 102
349 75
350 25
353 54
357 25
365 2
366 4
367 4
368 16
387 16
fl=./elf/./elf/do-rel.h
fn=_dl_relocate_object
49 24
50 16
51 8
53 40
80 8
83 18
114 18
123 3401
126 14
129 12
131 410
133 504
134 378
135 126
136 378
150 661
151 111
180 21
182 30
183 6
196 78
fn=_dl_start
49 6
50 4
51 2
53 11
56 74
61 17
63 8
64 8
65 4
fl=./elf/./elf/get-dynamic-info.h
fn=_dl_map_object_from_fd
39 2
43 2
45 92
49 88
51 22
52 15
53 4
54 35
55 20
56 8
59 10
62 8
64 6
68 44
72 4
84 4
85 10
86 10
87 10
88 4
89 10
90 7
91 10
103 12
110 4
115 6
122 4
123 8
129 4
147 4
152 2
154 1
156 1
158 1
159 2
162 4
164 6
165 2
174 4
180 2
181 3
184 4
fl=./elf/./elf/libc_early_init.c
fn=__libc_early_init
33 10
35 1
38 3
41 4
49 11
fl=./elf/./elf/rtld.c
fn=_dl_start
458 5
476 3
477 2
478 1
479 3
488 2
494 4
496 2
517 9
543 3
546 3
547 3
563 48
565 4
578 1
585 7
fn=dl_main
197 2
199 1
224 2
225 3
226 3
296 4
302 1
303 1
837 2
841 3
850 4
855 1
1115 1
1116 1
1118 1
1122 6
1124 3
1125 3
1140 1
1143 33
1144 74
1148 3
1149 1
1153 4
1154 6
1155 1
1163 4
1164 3
1166 1
1173 2
1191 2
1199 4
1200 7
1201 6
1202 1
1204 4
1205 6
1206 3
1209 6
1210 6
1211 2
1215 4
1243 4
1244 1
1247 2
1248 2
1249 1
1253 19
1254 31
1266 2
1269 2
1271 4
1346 12
1351 1
1352 1
1357 1
1373 5
1374 5
1637 9
1639 1
1640 1
1641 3
1642 2
1646 2
1647 6
1672 4
1673 6
1674 4
1675 4
1678 3
1680 1
1681 2
1683 2
1684 1
1688 4
1690 1
1698 2
1705 4
1708 3
1733 6
1735 1
1740 3
1743 4
1744 6
1745 3
1746 1
1747 3
1748 3
1759 5
1760 3
1762 2
1764 1
1765 4
1770 3
1771 8
1773 4
1774 2
1779 4
1788 3
1792 1
1793 2
1817 3
1823 2
1824 2
1825 1
1829 4
1834 3
1836 1
1838 2
1842 8
1847 2
1863 8
1939 2
1943 14
1944 1
1947 3
1948 1
1949 1
1950 2
1955 3
1965 9
1971 15
1972 20
1975 5
1976 1
1977 1
1979 10
1980 14
1984 2
1990 1
1992 5
1993 1
1995 4
1997 3
1999 3
2000 1
2001 3
2013 2
2014 3
2015 4
2026 4
2027 3
2028 8
2038 2
2039 2
2040 5
2042 1
2047 2
2246 4
2250 4
2256 2
2259 2
2267 2
2279 4
2282 3
2284 4
2285 7
2292 1
2293 15
2295 8
2300 8
2302 5
2304 5
2305 1
2308 12
2310 12
2311 22
2315 11
2316 3
2325 4
2329 5
2331 6
2338 3
2341 4
2345 7
2347 1
2357 2
2362 3
2365 1
2371 3
2372 8
2380 5
2387 1
2390 3
2394 3
2395 1
2396 1
2397 1
2401 1
2406 9
2598 5
2600 1
2602 10
2604 2
2606 84
2607 19
2609 4
2615 15
2640 5
2650 11
2652 2
2653 1
2687 12
2689 2
2690 3
2691 1
2727 5
2749 3
fn=do_preload
804 7
810 1
811 1
812 2
814 3
816 7
817 2
825 3
831 4
fn=handle_preload_list
183 7
869 7
870 4
874 4
877 5
878 3
880 5
881 1
887 1
888 1
889 2
891 2
892 5
895 9
fn=init_tls
734 5
736 4
740 2
746 1
749 1
751 1
755 1
756 1
757 1
761 2
762 2
763 6
764 4
765 8
769 3
773 5
776 2
779 1
786 2
787 1
793 2
797 3
800 5
fn=map_doit
641 4
643 3
644 6
646 3
fn=version_check_doit
674 4
676 6
680 3
fl=./elf/./get-dynamic-info.h
fn=_dl_start
45 44
49 42
51 12
52 8
53 1
54 19
55 12
56 4
59 5
62 4
64 3
68 23
72 2
84 2
85 6
86 6
87 6
88 3
89 6
90 6
91 6
103 8
110 2
115 3
122 2
123 5
129 2
133 3
134 2
139 5
142 6
fn=dl_main
39 2
43 1
45 56
49 54
51 12
52 8
53 1
54 19
55 11
56 4
59 5
62 4
64 3
68 27
72 3
84 2
85 5
86 5
87 5
88 2
89 5
90 5
91 5
103 6
110 2
115 3
122 2
123 4
129 2
147 2
152 2
154 1
156 1
158 1
159 1
162 2
164 3
165 1
174 2
180 1
181 2
184 2
fl=./elf/./setup-vdso.h
fn=dl_main
24 3
fl=./io/../sysdeps/unix/sysv/linux/access.c
fn=access
25 3
29 9
31 3
fl=./io/../sysdeps/unix/sysv/linux/close_nocancel.c
fn=__GI___close_nocancel
25 6
26 15
27 6
fn=__close_nocancel
25 8
26 20
27 8
fl=./io/../sysdeps/unix/sysv/linux/fstat64.c
fn=fstat
30 14
39 35
72 14
fl=./io/../sysdeps/unix/sysv/linux/fstatat64.c
fn=fstatat
91 4
146 2
161 3
162 2
fl=./io/../sysdeps/unix/sysv/linux/open64.c
fn=open
30 52
33 10
36 18
41 55
43 52
fl=./io/../sysdeps/unix/sysv/linux/open64_nocancel.c
fn=__open_nocancel
28 20
31 28
39 24
41 8
fl=./io/../sysdeps/unix/sysv/linux/read.c
fn=read
25 9
26 30
27 12
fl=./io/../sysdeps/unix/sysv/linux/read_nocancel.c
fn=__read_nocancel
25 4
26 10
27 4
fl=./io/../sysdeps/unix/sysv/linux/stat64.c
fn=stat
28 2
29 5
30 1
fl=./io/../sysdeps/unix/sysv/linux/write.c
fn=write
25 9
26 30
27 12
fl=./libio/./libio/filedoalloc.c
fn=_IO_file_doallocate
78 40
84 32
86 16
97 20
98 4
101 12
102 4
104 16
105 4
106 44
fl=./libio/./libio/fileops.c
fn=_IO_do_write@@GLIBC_2.17
424 12
426 12
427 9
fn=_IO_file_close
1165 8
1168 8
1169 4
fn=_IO_file_close_it@@GLIBC_2.17
128 12
130 12
133 8
134 20
135 24
137 4
139 8
141 4
142 28
145 12
153 20
154 16
157 8
158 12
159 8
160 12
162 8
163 16
fn=_IO_file_finish@@GLIBC_2.17
168 16
169 12
175 12
176 8
fn=_IO_file_fopen@@GLIBC_2.17
213 40
214 1
222 12
224 37
227 1
228 11
238 8
245 8
247 72
281 20
284 4
287 16
288 4
357 48
fn=_IO_file_open
182 36
184 8
188 8
189 4
191 4
192 28
195 12
205 8
206 4
207 16
fn=_IO_file_overflow@@GLIBC_2.17
732 12
733 6
740 9
743 3
745 6
746 12
755 6
764 9
767 3
768 3
769 6
771 6
772 18
775 6
778 9
781 9
782 6
783 9
787 3
788 9
fn=_IO_file_read
1131 6
1133 3
1134 6
1135 3
fn=_IO_file_stat
1147 8
1148 8
1149 4
fn=_IO_file_underflow@@GLIBC_2.17
462 12
466 6
469 3
475 9
478 12
481 2
486 2
490 11
499 6
506 6
512 3
513 3
514 3
515 3
517 18
519 6
526 9
535 9
537 12
538 9
fn=_IO_file_write@@GLIBC_2.17
1174 12
1175 6
1176 21
1181 15
1182 3
1187 3
1188 3
1190 6
1191 6
1194 9
fn=_IO_new_file_init_internal
106 16
110 8
111 16
113 4
114 4
115 12
fn=new_do_write
432 24
434 6
441 12
444 3
449 18
450 12
452 6
453 6
454 3
455 12
456 15
458 18
fl=./libio/./libio/fputc.c
fn=fputc
32 55296
35 18432
36 64512
41 46074
fl=./libio/./libio/genops.c
fn=_IO_default_finish
54 8
601 16
603 8
609 8
612 8
624 12
fn=_IO_default_uflow
361 12
362 12
363 6
365 12
366 9
fn=_IO_doallocbuf
343 16
344 8
346 12
347 24
350 16
fn=_IO_link_in
87 80
88 16
90 12
92 24
93 52
94 4
95 32
97 12
98 4
100 16
101 8
102 28
103 8
106 100
fn=_IO_no_init
563 32
564 4
565 4
566 4
568 4
572 16
579 4
581 4
587 4
588 16
fn=_IO_old_init
531 8
532 12
534 20
539 24
544 8
550 4
555 8
556 8
558 8
fn=_IO_setb
329 64
330 28
331 4
333 8
335 48
338 32
fn=_IO_switch_to_get_mode
164 12
165 12
168 6
172 6
173 9
176 3
178 6
180 6
181 3
182 9
fn=_IO_un_link
53 16
54 16
82 16
fn=_IO_unsave_markers
937 16
939 8
944 8
946 12
fn=__GI__IO_un_link.part.0
52 48
58 24
59 48
60 4
61 32
63 16
65 12
66 12
74 8
76 32
77 8
78 24
79 8
82 52
fn=__overflow
199 9
201 6
202 6
203 12
204 6
fn=__uflow
299 12
300 12
305 6
308 9
310 6
316 6
321 6
323 15
324 6
fl=./libio/./libio/getc.c
fn=getc
34 46080
37 18432
38 55290
43 46074
fl=./libio/./libio/iofclose.c
fn=fclose@@GLIBC_2.17
34 24
48 8
49 4
51 56
52 8
53 12
57 20
58 12
71 8
76 24
fl=./libio/./libio/iofopen.c
fn=__fopen_internal
37 8
57 32
65 8
67 4
70 8
72 32
73 12
74 8
75 24
81 24
fn=fopen@@GLIBC_2.17
85 8
86 8
87 4
fl=./libio/./libio/libioP.h
fn=_IO_default_uflow
1025 9
1026 6
fn=_IO_doallocbuf
1025 12
1026 8
fn=_IO_file_close_it@@GLIBC_2.17
1025 12
1026 8
fn=_IO_file_doallocate
1025 12
1026 8
fn=_IO_file_underflow@@GLIBC_2.17
1025 6
1026 6
fn=__overflow
1025 9
1026 6
fn=__uflow
1025 9
1026 6
fn=fclose@@GLIBC_2.17
952 40
958 8
979 12
980 32
1025 12
1026 8
fn=new_do_write
1025 9
1026 6
fl=./libio/./libio/vtables.c
fn=check_stdfiles_vtables
545 2
546 8
547 5
548 6
550 2
fl=./malloc/../string/bits/string_fortified.h
fn=tcache_init.part.0
59 4
fl=./malloc/../sysdeps/unix/sysv/linux/not-cancel.h
fn=ptmalloc_init.part.0
97 6
fl=./malloc/./malloc/arena.c
fn=free
153 32
fn=malloc
153 704
264 1
fn=ptmalloc_init.part.0
262 10
267 4
274 6
292 3
296 8
300 5
301 5
302 5
303 5
304 5
305 5
306 5
308 5
309 5
310 5
313 5
314 5
316 4
326 12
fl=./malloc/./malloc/malloc.c
fn=_int_free
1792 4
3163 16
3165 8
3166 4
3167 8
4495 48
4499 16
4505 32
4506 16
4510 32
4517 16
4518 96
4521 4
4527 28
4547 20
4550 4
4561 8
4637 8
4640 12
4643 4
4646 20
4658 32
fn=_int_free_create_chunk
4713 32
4714 12
4756 4
4757 8
4758 4
4763 16
fn=_int_free_maybe_consolidate.part.0
4769 40
4778 12
4781 16
4784 32
4798 44
fn=_int_free_merge_chunk
1992 12
4665 24
4666 4
4670 12
4673 24
4675 12
4678 8
4681 4
4682 8
4683 12
4689 8
4700 24
4702 24
4776 12
fn=_int_malloc
1326 353
1336 3530
1345 1412
1794 353
3846 1059
3887 353
3914 706
3916 672
3919 672
3921 336
3930 1680
3934 1412
3977 34
3979 724
3980 698
3982 1047
4039 36
4040 12
4058 1057
4059 706
4060 2822
4070 1778
4081 698
4257 706
4259 12
4262 16
4330 353
4331 1765
4332 353
4333 1059
4334 706
4339 1412
4343 4197
4346 4184
4443 353
4444 706
4446 1059
4449 1059
4451 352
4452 352
4453 352
4454 2464
4456 704
4459 352
4460 704
4466 4
4481 4
4482 1
4483 2120
4487 1412
fn=alloc_perturb
1984 706
1985 1059
1987 706
fn=free
3359 40
3363 8
3368 32
3371 32
3373 8
3375 16
3392 40
3395 24
3398 24
3401 8
3402 40
fn=malloc
461 1056
1326 352
1336 1408
1345 352
1461 1056
3248 3
3294 2112
3301 1408
3311 1760
3313 2112
3316 1408
3317 698
3318 696
3326 1056
3328 1760
3329 1408
3354 2112
fn=ptmalloc_init.part.0
1946 382
1949 127
1957 2
1958 3
1960 2
3143 2
fn=sysmalloc
2008 12
2532 14
2552 3
2553 3
2563 1
2564 4
2588 2
2589 2
2590 1
2599 2
2605 3
2608 4
2669 4
2677 1
2678 3
2691 2
2695 1
2699 5
2707 2
2709 4
2710 2
2711 1
2712 1
2715 1
2744 4
2745 3
2746 5
2752 3
2755 6
2783 2
2789 1
2795 2
2817 2
2818 7
2820 1
2821 4
2833 2
2875 2
2876 4
2877 3
2888 1
2921 3
2922 1
2927 2
2930 2
2932 1
2933 1
2934 1
2935 6
2936 2
2938 3
2944 13
fn=tcache_init.part.0
3242 4
3251 10
3252 4
3253 1
3261 5
3270 2
3274 3
fl=./malloc/./malloc/morecore.c
fn=__glibc_morecore
25 4
26 6
29 2
30 4
34 4
fl=./malloc/./malloc/scratch_buffer_set_array_size.c
fn=__libc_scratch_buffer_set_array_size
30 8
31 2
34 2
35 6
45 6
46 2
63 6
fl=./misc/../sysdeps/unix/syscall-template.S
fn=mprotect
120 30
122 6
fn=munmap
120 25
122 5
fl=./misc/../sysdeps/unix/sysv/linux/brk.c
fn=brk
36 6
37 6
38 4
44 2
45 4
fl=./misc/../sysdeps/unix/sysv/linux/brk_call.h
fn=brk
24 4
fl=./misc/../sysdeps/unix/sysv/linux/mmap64.c
fn=mmap
47 20
50 20
58 70
60 20
fl=./misc/../sysdeps/unix/sysv/linux/setvmaname.c
fn=__set_vma_name
33 8
35 8
40 9
47 2
48 1
49 6
fl=./misc/./misc/getauxval.c
fn=__getauxval2
25 2
30 2
32 2
33 2
37 1
51 2
fn=getauxval
30 2
32 3
56 4
59 3
60 1
64 4
fl=./misc/./misc/init-misc.c
fn=__init_misc
30 4
31 3
33 3
37 4
38 5
40 3
fl=./misc/./misc/sbrk.c
fn=sbrk
37 10
40 6
43 6
58 2
59 3
62 4
63 2
66 3
74 2
78 10
fl=./nptl/./nptl/libc-cleanup.c
fn=__libc_cleanup_pop_restore
54 32
55 8
57 24
59 16
60 16
61 8
77 32
fn=__libc_cleanup_push_defer
24 40
25 8
27 24
29 16
32 8
44 8
46 8
48 8
49 32
fl=./nptl/./nptl/pthread_mutex_conf.c
fn=__pthread_tunables_init
55 9
56 6
58 5
60 5
62 11
fl=./resource/../sysdeps/unix/sysv/linux/getrlimit64.c
fn=getrlimit
38 2
39 8
40 2
fl=./setjmp/../sysdeps/aarch64/setjmp.S
fn=__sigsetjmp
36 4
40 5
41 5
42 5
43 5
44 5
47 16
48 5
55 5
56 5
57 5
58 5
59 5
61 5
62 16
63 5
70 4
71 4
73 1
fn=_setjmp
30 1
31 1
32 1
fl=./setjmp/./setjmp/sigjmp.c
fn=__sigjmp_save
28 4
29 1
30 1
34 4
fl=./stdlib/./stdlib/cxa_atexit.c
fn=__cxa_atexit
67 2
68 3
69 1
fn=__internal_atexit
36 4
41 1
43 10
44 3
46 1
52 4
53 1
55 1
56 1
57 6
58 1
59 4
fn=__new_exitfn
80 4
81 1
86 3
91 7
93 2
94 1
101 1
122 1
123 2
134 1
136 2
137 4
141 3
fl=./string/../include/rtld-malloc.h
fn=strdup
56 12
fl=./string/../sysdeps/aarch64/multiarch/../memcpy.S
fn=memcpy
72 22
77 22
78 22
79 22
80 22
81 22
82 22
85 15
86 15
87 5
88 5
89 5
90 5
91 5
95 10
96 8
97 8
98 8
99 8
100 8
104 2
113 2
114 1
115 1
116 1
117 1
118 1
119 1
120 1
122 2
127 7
128 7
129 7
130 7
131 7
132 7
133 7
fl=./string/../sysdeps/aarch64/multiarch/../strlen.S
fn=strlen
50 12
52 12
53 12
54 12
55 12
56 12
57 12
58 12
59 12
61 5
62 5
63 5
64 5
68 10
69 10
70 10
71 10
72 10
73 6
74 6
75 6
76 6
77 6
78 3
80 7
81 7
82 7
84 7
86 7
87 7
88 7
89 7
fl=./string/../sysdeps/aarch64/multiarch/memchr.c
fn=memchr
34 12
fl=./string/../sysdeps/aarch64/multiarch/memset.c
fn=memset
41 4
43 2
46 2
48 3
52 2
55 4
61 6
64 4
fl=./string/../sysdeps/aarch64/multiarch/strlen.c
fn=strlen
34 13
fl=./string/../sysdeps/aarch64/nptl/../memset.S
fn=__GI_memset
32 193
37 193
38 193
40 193
41 193
42 192
43 192
64 192
65 192
66 48
67 48
68 48
69 48
70 48
76 144
77 144
78 144
79 144
84 1
85 1
86 1
87 1
88 1
89 1
91 1
92 1
93 1
94 9
95 9
97 9
98 9
99 1
100 1
101 2
106 1
107 1
fn=memset
32 9
37 9
38 9
40 9
41 9
42 5
43 5
44 5
47 5
48 1
49 1
50 1
52 4
53 4
54 4
55 4
84 4
85 4
86 4
87 4
88 4
89 4
91 4
92 4
93 4
94 74
95 74
97 74
98 74
99 4
100 4
101 8
106 4
107 4
fl=./string/../sysdeps/aarch64/strchr.S
fn=index
54 11
56 11
57 11
58 11
59 11
60 11
61 11
62 11
63 11
64 11
65 11
66 11
67 11
69 8
70 8
73 8
74 8
75 8
76 8
80 4
81 4
82 4
83 4
84 4
85 4
86 1
87 1
88 1
89 1
90 1
91 1
100 3
101 3
102 3
103 3
105 3
106 3
108 3
109 3
110 3
111 3
fl=./string/../sysdeps/aarch64/strcmp.S
fn=strcmp
64 212
67 212
68 212
69 212
70 212
71 212
72 110
77 105
78 105
85 173
86 173
88 173
89 173
90 173
94 89
95 89
98 185
99 185
100 185
102 185
107 185
108 185
111 185
112 185
113 185
121 68
122 68
123 68
124 68
125 68
126 68
127 68
128 68
129 68
134 123
136 322
137 322
138 322
139 322
140 322
141 295
142 295
145 96
146 96
147 96
151 96
152 96
153 96
154 96
155 96
156 96
158 166
163 105
164 105
168 105
169 105
170 105
171 105
172 105
173 105
175 83
179 83
180 83
181 83
183 48
184 48
185 48
186 48
191 48
192 48
193 48
196 27
197 27
fl=./string/../sysdeps/aarch64/strrchr.S
fn=rindex
57 1
59 1
60 1
61 1
62 1
63 1
64 1
65 1
66 1
67 1
68 1
69 1
70 1
71 1
72 1
73 1
77 1
78 1
79 1
80 1
81 1
82 1
91 1
92 1
99 1
100 1
101 1
103 1
104 1
106 1
107 1
108 1
109 1
110 1
111 1
112 1
113 1
fl=./string/./string/strcspn.c
fn=strcspn
32 4
33 2
34 2
39 4
40 3
41 3
42 3
47 7
48 3
51 4
52 4
53 4
54 4
56 1
62 24
63 12
64 24
65 12
67 84
69 1
70 6
71 3
fl=./string/./string/strdup.c
fn=strdup
40 12
41 6
44 3
47 9
48 6
fl=./string/./string/strstr.c
fn=strstr
77 52
82 8
84 12
85 4
86 8
161 56
fl=./time/../sysdeps/unix/sysv/linux/clock.c
fn=clock
25 8
31 4
34 2
35 9
36 10
fl=./time/../sysdeps/unix/sysv/linux/clock_gettime.c
fn=clock_gettime@@GLIBC_2.17
38 3
40 1
44 2
68 3
69 1
fl=???
fn=(below main)
0 12
fn=???
0 76087
fn=CSC_RGB_to_YCC
0 9198
fn=CSC_RGB_to_YCC_brute_force_int
0 1511310
fn=CSC_RGB_to_YCC_unrolled_int
0 19152
fn=__aarch64_cas4_acq
0 27
fn=__aarch64_swp4_rel
0 18
fn=allocate_2d_array
0 7568
fn=call_weak_fn
0 4
fn=chrominance_downsample
0 135516
fn=init_have_lse_atomics
0 22
fn=main
0 264759
summary: 2569449
